x <- 1
t <- 2
v <- 5
k <- 6
u <- 7